-0.207573
-0.005805
-0.005870
-0.005955
-0.006033
-0.006100
-0.006112
-0.006222
-0.006240
-0.006329
-0.006298
-0.006400
-0.006396
-0.006558
-0.006421
-0.006559
-0.006495
-0.006703
-0.006432
-0.006405
-0.006741
-0.006669
-0.006747
-0.006661
-0.006740
0.993321
-0.006740
-0.006661
-0.006747
-0.006669
-0.006741
-0.006405
-0.006432
-0.006703
-0.006495
-0.006559
-0.006421
-0.006558
-0.006396
-0.006400
-0.006298
-0.006329
-0.006240
-0.006222
-0.006112
-0.006100
-0.006033
-0.005955
-0.005870
-0.005805
-0.207573
